654 111001 11111οο11111.

01111, 30, 31. 1110110 1100101111.113, F, ,1, 13,14. 1116010 10111010 uolonum
74. 1110100110011011101111010 8111, ,1, 3, 30.
6, 43. im ’1100 Triumphales 6000111 unum· 100010 801. 1, 3, 941 Epi.
110111111οἜ .3,11. 1111111101 1,46. 0000 putes 100 11110101100111110
1001106.11,1,10. 10 110010 00061011 801. 1, 3, 133. 1110101111100011010
mm EpadPis. 431. 1011010 110011- 17, 36. 11110100010 00060100111,
triumphos od. i. 36, 4. 3. 1000110 60 Capitolini 111110 801. 1, 4,
sur. 1110118011, 1,77. 17010011 801. 94. 0011111110100101010011111 800113,

i, 111. aqu· ego uu 0011111. 111. 1011.. a· 1011 uuus: um -

110 (1011101 00101 801. 1, 3, 106. quod 11110 ligurrit 801. 11, 4, 79.
1110110, aut 111 10101 801. 1, 4, 3. quum furvus. Pmpinaouii, 13, 31.
10111 0001000110 tumque 10111110 cura finan. Hydas 80111114.
1101801. 1, 0, 17. turum aviumque futu. 10111111 01113113. 10110001
formido ibid. 3. protum 10111111 Ep. 1, 801. 1, 5, 33. 100111 011. 111, 6, 41.
6, 46. 11010001101010 Epi, 16, 36. 110111 10110160 Ep. ii. 1, 154. 11010
11100 601100001001 801. 1, 3, 4. 0001000 801. 1, 3, 134. 11111101 pugnu-
r‘um. 00011110ιωί111 80111, 7, 66. 10111801. 1, 3, 101.
11111000 100110101οω13 .1, 10, 34. [111010. 6111111110 801. 1, 3, 137.

wior- 801. 11, 7, .

{zm 1, quid 111111010 801. 113, G
41. uum 1111101 801. 11, 5, 63. 11010110 dn. galea leves 06. i. 3, 33.
110108011115. 00110 11111 31106 0030111 1010130110.Ο6.1,15,11.
Pis. 473. 1110110 001 od. 1, 13,11. gallina. 001011001001001 rupem
60101001 80111, 7, . 100010100100101 611010101081111,4,13. gallinam
mitit 1010111001 01111100. 01111011 palatum 801. 11, 3, 34.
1161101010111001101716160106.1,15, gallus. 11110110001110 801. i, 1,
37. de 0010100 letitia: 1111010 dulce 011 10.
recepto 010100 0111, mu. 3111ιί0 garrire. cum ’1011110 quidum
011010 captum 01101110011010101031106. 801. 1, 9, 13. 01101 10101101 801. 11, 6,
11, 6. 3, do 01011, estuare: 1111001010 77. 11601100 801. 1, 10, 41.
Neptunum 1100101031.1,11,10. 4, 60 garrulus. 1011111111 16001 01111111, 13,
stamma.- 111001 10 113110 11001100 Epod. 69. 111 uque piger 801. 1 4, 13.
17, 33. 60 1101111111 0160111 mu, 301111111οο quando 0011111001 ue
1ὦ1111118.Ι 10111 110110 vesani leonis 01111, {pp 1, 95,ξο garrulus 0101001110 ⁶3:³⁵
1 0 11, , 0

furiare. libido, 110 1010111011001011- garum. 600100110110111101180111
010 equorum 01133, 14. 0, 46.

uribundus. quum 101001 0000111 (100) gaudere. 1, 1600100 601001 Ep. 1,
10001111110111,Ε ,1, 10, 17. 6,13. 10111013Ἇο011εο yn Epal. 3,
furimus. 10110 1000 06. 11, 16. 5. 19. gaudent scribentes .ii, ,107.
1001010111 01 11110011 0111 801. 11, 3, 333. gaudes, 11 0010010111 percusti 10110 Sul-ii,-
1111 1110 1111000 11601111 ibid. 304. 1000 3, 373. gaude, uod spectant oculi 10
(sanguine placavi 01101),10600011110111 101110 loquentem {p 1, 6,19. 0. 1111
1111307. 10601011111111001111101001110 gaude 00110 tua 0011115. gunda
801. 1, 3, 33. mutatu 00110 801. 11, 6,110. 001111
furnus. 1111100 01011000111601 Ep. 1, Ρ11011111 1111101010 801. 11, 3, 95. datu
11, 13. 011100 heuque 1060111100 801. (consilio) 01060110 alme 01111, 4,43.
1, 4, 37. 16001010 (1111011111) 01111100 10 addim
sum. 0111111 01111111. cecus 1. 11, 6, 109. 111 epistolis 1010111111
Epod. 7, 13. 110 furor 110110 01113111, 10111011(χο10011 00110 gaudere, 011010
3, 63. 10101111011110 110011οΕ0113, 10110 gerute, 11110, 10101 Ep. 1, 3, 1.
90. 01111111101011106.1,37,13. pietas {imum gaudere ibid. 15. 311010110τί1
11010 111010 06. 111, 37, 36. nocturnus 01101 1016010010 801. 11, l, 36. gunda
occurram 1110131106. 5, 93. 60001110.- equis canibusque Epudl'is. 136. quod
1110101 101110 puerorum, 101110 puellarum pubes 106010 1110011 gaudeat 011. 1, 35.
8011111136. B. gaudemarus 0010011111 801110,

1111111. 1101011ος0οι1 1011111011, 45. 0,01101011111111111 111 10160006.
1,7. 1111101 (1010110 1011118011, 1, 43. 1, 36. 7. 0110101031110, 11.
furtim abdiderint 101111 801. 1, 3, 43. 00101100 Ep. 113, 59. 1101111611 Ep. 11,
furtim 01 collo 0011111110 00101101 80111, 1, 93. gaudeus parvis 1060111101 Ep. i,
3, 356. 10101011111101100110001101111· 7, 53. 10100 10160110 mulier 00111006.
11111111 Ep. i, 1, 13. 10011610 furtim per· iii, 11, 5. pun 1010101110 vitiis gunda
rumpet 111, 1131. 801. 11, 7, 6. 1111011Βο100οώ
furtivus. 101ςί111 80111, 7, 110. 1100 801. 11, 3, 333. 01160 Sygambri gaudentes

 

