666 11111111 1111111111.

importare. odium 11111111116111111 im· 16. 1111111111811.11,6,40;81.1,16.
111111111116111 811. 1, 16, 6. 10. 11161106.111,11,67. vah 81116.
importum.. 1,111111111111111111111111111“ 16, 66. 11111 ibid. 11, 10. 1116111 06.
11111111 1 11111· m· ⁴·
1111111· ² 11 1111111· ...
116106. 61111 111111 11111111 81111, 6, 1,16. 11111111161111111111 Deum:
166. importunus (61111161) 1111111111 06. ἰ, 10, 60. 1111111111.- 1111111 81116.
0111, 119. 11, 1. emmam..- ..1111111111 im
1111111111. 1, Aquilo 06. 111, 60, 6. petit 11111111 811. 11, 4, 67. 16 imum
111111111111111111 tellure 06. 11, 1, 66. 111111 81116 Pis. 676. b, 111, α-
11111111111111116111111111111111111111 1111111111.- 111111111116111111111111 1181116
06.1,67, 10. Ρ11. 166. 1611111111 111111111616. 166.
1111111161 (sevitia). 11111111 1111111- 1611111111 1111811. 1, 16, 66.
111111111111 81116. 16, 64. 111. 1, 1. ue..- 1, 61 1111.- 1116111
immam. 1111111111 811. 11, 6, 667. 1711111111111 1111106. 111, 6. 66. m
111111111111111111 6111111111 811. 11, 6, 7. relegatum 11 Ο6.111,11,47.
impransus 11111 qni 1111111 dignosceret 61111161111111111111 111 1110111111,
6111181).1,16,69. 11. 1111111111111111111111111118.1,60,
imprimere. 11111111 111111 811. 11, 6, 16. 11111111 11111111 6111118 ,7,19.
66. 11111111111111106.1,16,60. notam in 11111111 116111 06. 1, 6, 46. flam
11111106.1,16,16. 6111111111 11 111111 06. 111, 69. 66. 11
improbare. per 111116111111111 11111 111111 11 11111111611111061,14,1. 111
7111111 81116616. .. 1111111111111111611111111111811161“16,
1ἱῖ166. 612. 161 66111161 61 11161163686611
6, 66. (11111111111111111111111811.11, 64,47. 1111111116111111 811116,Ἇὶ
6, 69. 11111111111611 811. 1, 7, 66. 1111111111 1161111111 811. ii, 6, 66. 61-
fugit 811. 1, 9, 76. 6ουὶ111111111111181).1, cidit 111 puteum Ep. 16 Pis. 460. 'u
10, 40. improbe 8111161041 81111, 6111111111111111111 811. 1, 6, 66. 11111-
6, 600. improbus 111111 811. 1, 6, 64. 11111 11 phimum 11111 811. 11, 7, 17.
61111111 06. 111, 64, m. 1116111 06. 111, 111111111ιί11 loculos demittere Ep.ii.1‚
9‚22, 176. 111111611611111111811, 1,
improvisus. 1111 111 06. 11, 16, 19. 79. 1111111111 non ligna 11111 Ep. 1, 10,
1111111811.1,6,11. 64. 1111111 1111111111111111111111
imprudens. 1111111 (1116111111111 11111111· 811. 11, 6, 16. 1111 111111111 11 urben
111116111611111111111 811. 1, 4, 167. 811. i, 1, 11. 1111111111 11161111 811. 1, 6,
im . 11111111 06.11,9,16. 1111111 4. 1111111111 vicum E. ii, 1, m.
8 ,6,16. 1116111111Ρ11111111111111 miv, 1,
impudens. impudens 1111 Pontes: 9. 11 Domum 11111111 1111111118 ,11,1,

1111116111 (11111111 1111111· .111, 67, 49, 6.Ι 111111111116111111 1111111111ρῖ 16
... ⁰²}
P·

impugnare. 11111111 111111118111, 1, 616. 11111111111111111111111 Ι
1111111111. 111 urbem 11111111 1111111111 1391111111 is ffiflgm 1333
111,11ω“6111116ᾯ“1111111911 affin 1111116161μ {hagnam
<m ὲ11111.1.·11,11;1,11.131 1161111Ἥ1181ῗ166
81111, ‚105. ‘ne s' 11111111611111 61111111111111161111111111 11. 16 Ρ11.
111111118116911. l.¹ 1161111111111111 667. 1111111111 611111 811. 1, 9, 9. 11
1616111311 311· 1291116111 6611111161..Οὲ1611161. Ἤ
11111111 1.111111111,111111111111111111 (11· 11111111111111181.11,1,47.ι injus
9111661ῗί161ιῷιῇ 61 11δὲ1111111 1111 1111118111 611.111,9’617611.811111111111’1131161016ι
obsonia 11111111 1111, 7,1 . 1111111811. 111666. 1111111111111111
imputare. 1111111111 11111 81116. 16, 1111111111 811. 11, 7, 66. 1111111111111111)
441111111. 7111111111111111111811.1, 1, 18811111ῗ6181ῗ11111161151011111111ι1111111611ἳ
64. 16111161111111111111111161111811.11, 6104. 11 apricum 11111111 11118111
6, 606. 1111111111ιί1 11111111 06. 1, 64, 6, 64. proferet in 1111111 Ε11.11,6,116.

 

