11011 1011001111. 705

0111113014. 1101110011111111011110 nolanus. 0111181116, 99. nini
1101110 Ep. 1, 3, 13. 0111010011 Pierii· 01111 pituita molosia 011 Ep. i, 1, 106
1011110 11011011001 Ρ10.105. 0011010 lue· 801. 1, 7, 5. 00001 011 utrobique
1101111 Ep. ii, 1,154. mmuh: 110100 molestus Ep. i, 6, 10. quovis 10111010
11101000100111 01110010 Ruinam. molentun 801. ἰ, 3, 65. hoc 0111011101
31011, 1010110111 0111101111 11 robus 801. juro 11010111, 010101101 811. 1, 7, 10.
1,1, 106. 101 010110011101110 111- molium. 011110 molimine 0110111-
0110111011.1,36,11. 0111 1101100111οο spectemus 010111 Ep. ii, 2, 93.
0110110101.1,24,1. 0111110111 11111101 moliri. 1, 10111010, concrum: 0001111
vitrum 11100 01. 11, 6, 7. 100 modum non Ep. 11 Ρ11, 399. 011111101111 moliar
1111101,1011010 modoque 11101111 1011111 11111111 01. 111, 1,46. 2, 1110101101 0111
811. 11, 3, 266. modum 001010 crimino· 1111011111110010 1100101. 110.
1111111110 011, 16,2. 011111111111010- 1011111. dum 1101111 1011110111 801.
mutuatum modum 01011 11,2,111. i, 4, 20. mollivit 101109010101 01. 111,
ige 10011110 modum 01. iii, 15, 2. 23,19. 110101011110 0001011 80011. 5,
01111 modum nil 1001100 cnm Ep. 1, 14.

16, 19. 1011101 bullionum 0111111 0101111. 10001111 11011111. 33. 001
01 1101ωο1011101.11,1,2. istomodo (00101111)801.1,2,66. languidus: ven·
01111111 mereant ugrum Ep.ii,2, 163. 1011100119. suellis: 100 1101110111-
1ο11010110110010111108111,9,46. 010 011οκ011001.111,10,17. ogo mollior
300001ιῖ0010 Ep. 1, 6, 6. ο(011100 10000 1111000111,.11ὲ43. ,00111010101011111
ns. ’1111 1111111 23. 1111 llll 111111. nullm:
01111, 25,17. 1101011111 01. 11, 17, 16. 10111011011001 01101111101111111
21. untione modoque 11101011 non vult ,11001 16, 37. Tarentum 811. 11, 4, 34.
811. 11, 3, 266. 00111 rationo 11010010 1101110 11001. 14, 1. 1010110011110
inanito 811 11, 3, 271. 1011101110 001111 10100110) 811. 11, 5, 32. 0101010
mono modoque 01. 11, 2, 26. quibus (mollioris 1111110111110101111011111)01.
3300131011131 1111111110111 “ll“ 311

,. nn 1110 .1,, 1011 .1,, ,01110 ,1,
33. manuninum& .111,7,12. 37,16. 3111101 1101111101.1,7,19.
1100110. 10 0010111011 81114, 1100110011 100 11001000 001111, 1, «0..

. 10 ., .1101101110111
. · 1101011. 10111110111011101111011 01. 11, 2, 3. 110110(10010)110101100·
1110111111 801. 1, 2, 49. tum (0110100) 0111101111 Virgilio emm

0100100. 11110011ωο111, 25, 9. 101 101811. 1, 10, 44.
num 11100110 801 11, 7, 72. 010110101 molliter. 1011110100111110101801.11,
1111001111 801. 1, 4, 4. jmu 1101101111 Ro· 2, 65. 111101111111101011011011101011
1010110111οω 811. 11113. 0100011010 81111212. mollius 11011110 movere
10010001 11100110 nou vultis 811 1, 2, 36. 801.1,9,25. 1011111011100101110111811.

moin. 1001101 01.111,2,6. 011000 1, 10, 69.

1100111311. urbis Sat. ii, 6, 99. Cn· 1101111111. mulierculam vincere mollitio
11 Od. i, 16, 2. 0011111101.ἰ,7, 3. 1101111124.

60111111101.111,17,6. BnrlpiuoosiSnt. 0101111101. 11110111111110001110111
1, 5, 97. 1111111111011011111 .17,2. 11110111110111811.11,2,67.

mmm. 11011011 1110010111 ’0. 1, 14, 7. momentum. 11011 1010110811. 1,1,
1101101 011111 fulmine 1111001 01010111 6. 1000101110 001110101οο10 momentis
01. iii, 4, 74. 11110111001110 1111101110 Ep. 1, 6, 4. 1010111001100111011010
1110100 11001115, 23. 1110111111 iugum 101111 14011111311111111111)11011016.
0111101101, 7, 26. Ρο11100 1101101111· monere. 010110 meliora 1010111111
001οέ 017111, 4, 16. 1101101100 11110101. 80112013. 81101111100110108101110,
nu, , . · virgineo 10010 carmen 1111. mc. .

:lin 3111111111100101. 10111“111111.ἶθ11111“11111’1111
11,1,13. 111110 Ep. 111 Ρ10. 105. 101 001111101111,110101Ε111001.1,16,
11101110 vixeris 01.11,3.5. hoe genno 6, 9. 11101111110000100,110101 11110
01110 moestum 110110 Tigelli 811. 1, 2, 3. 01. iv, 7, 7. lectorem delectando puri·

111011. 11111801. 111, 200. 1010101010110110.011 Pio. 344. 01011110

mola. 11010011 miton. 1114, 65. 1111010111 Ennium. 11011110 011011
110111011111001001.11,15,2. propin· 801. 11, 1, 60. 1011110111111101010
010 nubibus 0111110 01111129, 10. agger: 1011110130.1,3,15. 0100000111111011111,
1111001100111110 1“.1111“..ῗ“11111.1111.111111..,
(10001110) 01. 111, 1, 31. ³ 1101110110 oga Ep. ι, 16, 67. 1011101111

n

 

