1116111 1161611611. 766 ¹

66. 1161111111616176.1,16,16. 166- 6,1. peioribus 611111 Ε6. 1, 6, 22. 611111
jocii orientis 6116 6611611111 06. 1, 12, 6111161161ῑί 06.11, 6, 62. magnii 6 661·
66. 6616611611111161111111161611166.1,6, 1611661661 6111 611 1, 6, 76. 1611111111-
1. 1666161611111611661116611106.1,12,6. 66111161 6111 611. 1, 6, 66. 1111 1161111 611·
..miii 111 6111166 ·³‘ 11 1111111111 11 iiiiii:
616661 16 Deo· 616661, 6, 25 611. 1, 7, 11111, nil 6111116 1616 taicum Ep. ii, 1, 17.
63. 616 11666191616161111111666ΑΊ, Miseno oriuntur echini 611. 11, 4, 66.
2. per 1161 6161111 61611161 661. 11, 6, 161616 611161 1166 66 villis 1116611 61111,
176. 611161 muln 16661161, 16,16. 6, 71. 61616611.- 61161616 E .ii, 1,
66661611 611111 1661161616611.11, 6, 4. m. 611661 1111611106. 111,·1, . 661-
6110161 111,1111116161661161161116111161 1616161611111111111116 11111161 611. 1, 6,
Ε6.1,1,26. qnid 61117 06. 1, 61,2. 69. 61166111611610 ,1111616 611·
1161116 6161116116 1116111, 611611611. 11, 6, 66111166661166.11,1, 136.

264. 6.6111.,61,1.6611].1 11116611611611 maenium. ambitiosa Ep. 66 Ρ11.
611. 11, 6, 67. 611611,1161166116116 Pn- 446.

1611611. 11,6,66 6116661666161116611· 6111611. 1,61111111111 611116661616116 .

6111611616. 37. 616 61666166166111666 pulvinar Deorum dapibus Od. 1, 37, 6.
pacni 66111166 166111 611. 11,6, 13. den , 1111111116, 6116111111 6161111116616611
veniam 6611111,616611. 11, 4, 6. 616606. 11, 6, 63. 6161161 061111
orbis. 1,6611111616116616666111116- 1111111106 11, 6, 7. 66 1116 161111 61611611-
161111166116616116616666616111 11111111 6111611161 Ep. 1, 19, 26. 6661161661111
61111111 16111611 revolvitur) 011111. 6116. 1166161111.11,1,11. 111116 1166161111
22. 61161 1116111 1616111666 6161161111 arboren 66616, 46. 1161111611 6111
orbem EpndPin. 62. 2. 66 116111 16- 6161611111611161611.11,2, 122. 161111161
tundis: 1661161611 Ε6.1, 12, 16. 16161· 6161166161661Ε6.11,1,2.
161611166661111111111661161611606.1, 6111111. 1616161 06. 1, 9, 12. 161111 vi·
12,67. 1116161 1111611116161106.111, 6, 6166111616106.11, 9, 6. 1116 66 61116
7. 611111 11111611 Britanni 06. 1, 66, 69. 6666611161 166616661666111116 01111127,
6111111116 6166116111 6611161616661 E . i, 66.
1,66. 1611161 coniecta 1166116 6616116111 611111. 1611106.111,27,16; 0d. iv.
Ep. ii, 1, 264. 66616161660666111661- 16,16. 161116116611 06.11, 2, 66. 111611
611 terrarum 61111) 0d. iii, 27, 76. nb 61111 Ε6. 11, 6, 166.
616111. 161661166616161161 06. 11, 2, 1, 61. 1, 611 6111161 06.111, 6, 12.
44. trilingue 06. 11, 9, 32 5 06. 111, 11,60.
6166. Β611611661111,4,66. 116111661Ε666.6,11. 616161 adhuc in·
ordinare. 616161111161111111116161661 61616111 611 1116 06. 111, 66, 11. 6661116
Epod. 17, 9. 61616166111611111 1111611 ’6161616161611.1,19,62. 6166111-
06.111,1,9. 61111616611116666116161- 66616 6111161 666. 6, 20. 61661166- .
661(11111116111)111116106.11,11,20. 1161 1616161616. 6, 66. 6111111616 16 16
publicantes 6161111111(616161111611611’611- 6161116111. 6, 2³. 16116166 616 11
111)06.11,1, 11. 6666166616661611611.1, l, 64. 616
ordiri. 66111116 Trojannm orditur nb 6166116166111661.11,6,66. 1166 imnum
616116.66Ρ11.117. depulit 616 Ε6. 1, 10, 66. equi 11166116
6166. 61616616116 611. 11, 3, 61. qnod 61116111 in 6161361, 16,16. 1611161111
61161 ordina 16161161 611 611. 1, 4, 66. ΑΙ· 6111116616 06. 1, 6, 7. 11616161 1611111161
6116116661 61 6161111(666111161111’6111 16 16 61166. i, 6, 9. de 6161111116166611116
1161616111161)611 Ep. i, 19, 29. nec balbumque 611611 Ε6.11,1,126. migne
1116116611 6616161 11116,666111616616166. 1661161661 611. 1, 4, 43. 116116166616
Ordinis 6116 virtus 6111 Ep. 16 Ρ11. 41, Ρ11. 94. profundum Od. iv. 2, 6. 616
42. vite disconvenit 61616616161 Ε6. 1, rotundo loqui Ep. nd Pis. 626. 611111-
1,99. 16611611.Ι 6161661616611111161161111 1611666661610611611661. 1,6, 22. 11111 .
116661110611, 16, 9. 6161161 qnietis 61· fron· 6111 611. 1, 6, 61. 1666166611 qno
dinibus 06611161 06.111, 6, 36. 1611111 616161 Ep. i, 6, 6. 611 manusque
orichalcum. 11611611661166 11661166. 1111111161 611. 1, 6, 24. 116111611111166
111Ρ11.202. 61616 6111111161Ε666.4,9. 6166111111-
611661. subjecti 61166111 616 66111 61 6111 vulgi converteret 611 Ep. ii, l. 196.

Indi 06.1,12,66. 611 11161 16661111 .7,16. 6611111611
origo. 61161616 16 616666116116166111 1661161611Ε6.66 11. 277. 61616111616
06.111, 17, 6. 1616161611 6661611ςί661 (161116) navium Epod.⁴, 17. 61161116
06. 11, 14, 46. species.- 661 616 61116111,111116111116 161611
oriri. 1,116161’.·116111111]“61661111 6116 611. 11, 1,64.

1611116111 06. 111, 6, 66. 6116 Saturno ΙΙ. 61. 1161 611. i. 6, 16. 16616
,1, 12, 69. Divis 6111 1166110611, 16611 canis 116611. 6, 26. Quirini ibid.

 

