mm 1101011801. 707

11 8. 1111010 01111, 14, 18. 1010000111. 11. 11. 88. 0000010100 1000101000
ad 110. m ’0010 Centauri od. 10, 2, Ep. 011 110. 817. imita 001100 011001
16. 00110110 1110111 801. 1, 2, 8. 0111100 uteunque 80100010 0010008114, 38.
nrum 1100014. i. 16, 79. 11011111 etpi- 2, 00110, modun: 10 0101010 8011001 08. 1,
0011101 ultim 811180101 10010 801. 17, 36, 1·1; 08. 11,1, 28. 10 1111010100.
13. 000 10010101οη08. 811107. 1001010801. 11, 163. 01010 01110008.
mn fugacem pemquim 1111110 08111, 1, 10, 4. 10001010 10010 .11,11. 24.
2, 14. qm nequo 1101110000, nequo 0010 Matina 111010 08. iv, 2, 28. 10010
00010-’101100100111184 1001111 gn· 10110081118, 29. semum Sat. 1,
80008.1,8,17. mummi, 4, ,109. 00000101 111010 0011, 10, 80.
127. 0101111 formido 11111201. 1001· ἓο01101041111 10001 1101100108οτ

010 01141800 001. 11, 2, 98. 000 0101111 111, 7, 4. 10010 0011108111 .

010 expedia 01 108.11124,8.·10001111100001.1,18,62.

” ovium 100111 0010110107. 001110. 1, 0010011.10,18,18. 108-
0000000 100111 annuumque ,18110 100 8081110801οηὶ00. 08 111, 6, 21.
ω. mm 100 mpii· morti 1. ii, 3, notum 0881811 arti (0110110100) 1408110.
283. put 10011001 08.10,8,18. 08 214. Austri 01100111 011111, 27, 22.
norton 0100111 Set. i, 2, 42. 01011010 11- uqa: 101101 14αά 111. 111. 2,11-
0111108111, 6, 08. 110110 8011801010 η11010011101008.11,1,1.
0813128. mmmmm. 0101010. capvt 010101 801. 1, 188.
iii, 14, 2. ignoti» 1001111100 4011108011, labra 100101 Ep. ἰ, 18, 88. 1000011001-
8, 198.. 1100 801. 1, 9, 24. 1001011100 arma 001.

1101100. 1001011 0000001 14. 1, 14, 11. 7. 99. 0010011111ςίπο11108.17,76.
30. 1001011100 011. 1, 9, 81). 1001001 0110010

00110110. 1, 0011011088, 88, 8. Go- supercilio 08. 111, 1, 8. 0010880001
01100011ιί10 in 1101100008 110 004111 Ep. cardines 0111, 26, 8. meri 0100010001
111188. 0111100 Set. 110, 94. turbo 01111000 moun· 111100 1408110. 282.
08. iii, 4, 47. 0110011010100001 08111, 0. am: 0101101111 (1101011013 ,11 2, 126.
2118. 01001, 1011011100 00100 1408. 0100000,00.1000.’100101100 11008. 18, 8.
18,12. 0100111110111110100 1100181108. 100101181ςο1 11000810(01110)08.111,21,
1112131. prim gommortalium 11408. 8. 11.8010011100010111110.1,14,39.
2, 2. 011 1100 labore 80811 0011011000 nn 1000011 00οο testudinis 1408110.
1101. 1, 9, 68. 011 mortalibus 0180101 001 098. 0010010080110180108111111
0110, 37. mirantur 1111101110 egregii 2. omne 0ορ11 movet 111110 0011101108.
1001101010 1110011 811116, 88. 010000 iii, 1, 18. verbo 0101010 100010112,
1100110100 0001010οψ1 0111107. 8, 113. 0010110.,0111.0101., violare: triste
mortalibus profectu: moralium per· bidoml moverit Ep. 011 Pis. ⁴⁷2. 01011111
ibunt Ep. 08 110. 68. 00100 00100 0011110 1110100100 08111, 4, 88.
.. ¹:033. nigris ρω810010110110101 001. 11101100 {affin 0014181111.Ιῖίί,7.02ἀο.”οξ1
11, , ·. 00101 10111011 01001 .ι1,,

1000. 11101110011011. 1, 27, 3. 11081- 4. ,4100001 101100 ’1001000100 ibid. 6.
11ιο abantiquis 001. 14, 117. 1108080 1000’111000010101011001111001 801. 110,
80010008.11,4, 19. 0101100010010100 78. 0110001010νο01 Appius 001. 1, 6, 281
001. 1, 9, Ι. 111 1010 001 0110 801. 1, 4, 8011001 1010 plus laudatore 1001010114.
953 Set. 1, 6, 68. 011 0100100101οὴ 801. 08 110. 483. movit 000000101010110
11, ’119, 104100011οω1011801.1,2, 0018000100110. permovemmom
86. neque 1110 lupis 01010101111110001- prece 0d. i, 21, 16. movenda 1110110
11011008. ’1,11. ]1011111001100011010- 0010100 Epod. 17, 8. 0101111101 movet
000000001011, 1146. 0110010101· stomacho fastidia 801. 11, 4, 78. 110100
punem cognata 1000111110 1011110801. 113, 0101001 10111100 1111001101 801. 11, 2, 126.
288. ’111, Simu 111111 0001810101 inveni 101100 lym motura 0001101 Ep. 112, 88.
0111ἰί, 8, 7. probi 00101. 8100. 48. 1811001110. 101010(οε111110)1)11-
011101 0811, 2, 82. 11110101 Ep. i, 18, 1101101 100110811110. 1111110 Ep. 1,
44. 00100810110100010101101008110. 8,19. jocum Ep. 119, 20. 1010110100
186. 0110110 110. 1, 19, 14. virorum 0110010 1001001 pariclo catulos 1010101
0101011110 Ε ,11, 1, 249. 1080100101)ὶο 08111201.

80111, 7, . hominum 8101120, 0100. 08.1,1,17;011.1,4,20;08.
Emi 110. 141. 0000110 100101ᾳο010- 11, 1, 11); 011111, 6, 20, 47; 011. 111, 27,
0000001001. 1, 8, 917. moribus 1110 10011- 89; 01111, 4,9·, 08117, 11; 08. 11,
011111οὴ01008. 111, 1, 12. 8000010 01001- 14,14;001.11, 1192ςοοι 11,4,6;
601111100οΗ01 08001110010108.11, 6, Β 1,Ι,12; 1101, 17, 68; 1411, 10,
22. 1011001000011110010000841124, 7011 111128, 191;Ερ. 11, 2, 90,
36. 100110101 0101111111 omn, legibus 1613 .18110.168,184,221.

emendes 141111. 11010010 101101 mugire. mugiunt 10001 08. 11, 10,

 

