612 111111 1111111111.

emuncto 11111(1.11·111111>611.1, 4, 7. 2,12. 1111111111111111131111111111111-
8, mis: 111 que 111 11111111 adopta Ep. 111101.111,17,12. petrarchae 1111
1, 6, 55. 4,111111111111,1111111111111111111111 1111111111, 6, 50. 11 mihi 1111111 Ερ-
inguen 1111111111111111111111111111111- 1, 16, 61. nunquam fallens 111111111111
11111611.1,2,26. 11111116, 45. 2,1 ,1111111Ρ111-
Ι[11111. 1111111111 0111, 10, 5. fa· 1111111111 1111111 1111111011.1,10,16.
{ffi'ffiffi 81: ¹12: 1311· .1ζί 11181111ἃ1111181
111111181111111111111111111111111611. 1111111111 Ep. 1, 5, 81. socerum 1111111
1, 2, 94. 11111οὲ11111 1111 parochi 111- 1111111 01 111, 11, 40. 11111111 1111111111
11111611.11,8,8 infaciem 1111111111 (1. e. pamm effugimdz') Ep. 1, 16, 54.
jocatus 6111, 5, 62. 1111111111111611. 1111111111,11111111111111 111 fefellit
11, 4, 71. 2,fm.·deoen8at. 1, 2, 87. Epod. 5, 68. Spartacum 11 qut potuit
11111111 11111611. 1, 6, 88. longaquibus 1111111 11111 od. iii, 14, 20. ubi 1111111
1111111111111611114, 12. dominum 1111111 Ep, 1, 6, 46. falleret
facilis. 1, de 1111111 eque 11 personis, 1111111111 discrimen obscurum 01111, 5,
motabilis: Diis 11111111 111111111611.11, 22. 111 11 Pythagora 11111111 uem
8, 284. parabilem 1111 facilemque Ve- Epod.15, 21. dum 1111 delectent me
11111161112, 119. multum janua 111- 11111,11111111111111111811.11,2,127.
11111 01. 1, 25, 6. 1111111111 11111 8111116111 11111 fulgentem imperio
11111 11111116111, 1, 22. ultro 11111· 111111811011111, 16,82. 1111111111-
11111111111 potiori trade 611. 11, 5, 76. 1111111118 .1,18, 108. qui 111111 11111-
mitit (11 vinci ρα111111)01.11,12,26. 11η11111111181.1,17, 10. 8,]1111 jx·
2, 1111111111 adipisci 1111111111.- somnus rm: 1111111 ω1111111111101.11,8, 10.
01. 11, 11, 8; 01. 111, 21, 4. subus. 1, 1111 distinguere 11111111 Ep.
facinus. 1111111111, 111111111181. 1,10,29.1111111111111111111Ερ.11Ρ11.
1,16, 56. 151. 111111111111111111111161111,2,6.
jactitare. 1111116111 1111111 111111 voces 011. 11, 2, 19. decepta cupidine
Ῥ11.470. falso 611. 1, l, 61. immeritus: oppto·
1111111111. 111116111684. 111111111- 11111811.1,16, 88. 111111111189. 2,
111111111111168. 111111111811, 1, 111111111111111111111111110111117, 14.
287. 11 1111111111. 6. 111111111181).111 1111111111.11,1,212.
Ρ11. 28. regum 11111 Sat. 1, 10, 48. (alr. 811111 01. 1, 81, 9. inutiles
1111111111111111118 .1,17,161 di· 1111111111111111111181112, 11. mag·
11111111 11111111111111111111181112, nis parva mineris 11111 recisurum sinuli
40. 111111111111111111 141. 11, 2, 32. 11611. ἰ,8, 128.
1111111111111118 .11,1,80. 11111111· fama. 1,11111111611.1,10,88. 11-
1111111111111111 uriarum 6111 1, 8, 45. 111 11111 111 611. 11, 1, 86. 1111111111
1111111111. sem . 11 Pis. 184. 111111111111111111111111111111111 111111
preco ibid. 17. 111 1111111111111- Ρ11.119. illum aget rumpentes 01.
luet .iv‚ 7, 28. 1111111111111111111 11, 2, 8. 1111111111 111111 1111161111,
11111811.11Ρ11.41. 8, 222. 11111 1111111111111 611. 1, 6,
facundus. Mercurius Od. 1, 10, l. 16. majora 11111111111111811.1,11,8.
11111101. ἰν, 1, 85. 111111 11111 mulum gravius quamam-
Jaeeula. 011 611. 11, 8, 9. , 1111611. 1, 2, 59. 1ο181111611.1,4, 114.
fex. 1181111111111111111111111111 11111611.1,2,61. planaque de 11111
1111111011, 85, 27. 1111111111 0 .111, [11111116111118111166. 1111111
15,16. peruncti 111111111181. 111Ρί1. 1111111 dicacis 611. 1, 4, 88. 1111111111-
277. 2, fecula, Weiumutm: miscet majestas 011. 11, 11, 14. virtus.
1111811111 11111 611. 11, 4, 55. ego 1, docus divitiis 1111111611. 11, 8, 95.
(11111111111111111111111111111(11111111- cui gratia, 111111 1118111181. 1, 4, 10.
11111.“1111ἐ11.71; 1, 11. .... ἓξ..1ῗ’1ῗ111.““13.11*.11111.1ῗ.ῗ
01. 1, 5, 12. 111111 1111111111 11111101. 1111111111111111111111011, 12, 46.
111, 7, 20. responsum tuo 1111111111 111 pus 111111
{altera 1111111111 11 1111111 111111 1111111611. 11, 8, 66. 1111111111 sama
11 vulpe latentes Ep. 11 Ρ11. 487. Ep. 1, 18, 49. 1110111111111161111,
quum ’1111 6111 socium 1111110111, 2, 94. 11111111111111111111111111111111111
24, 60. 111111 hou 11111111111101. 611. 1,4, 118. 11111111111111111111111
11,6,16. fallimur Ep. 1, 18, 78. 111 corpore 1111111 611. 11, 7, 67. morbus
1311181181. 11 Pis. 42. 1111 viperinu 1111 meliorque 11111 01111112. 11111
emor 1111 incoctus 11111111 111 111111111 1111111111111111111611. 11, 5, 80. de
Epod. 3, 7. 1111111 111111111111611.11, 1111111111 1111111 ae nebulonis 611. 1,

7,114. 1111111111111111111111161111, 212.

 

