11441 4441411111. 659

11114111 1111 “’ ²⁹· Μ’· 1111111411111111
· o 4 · ⁰ 4 4 · 1 ·4 4 4
uuam. 11114141 pm maim 441114, 111. 1, 4, 1, 411, sat. i, 10,
1144114 441444114841. 112112. helleboro 3;841.11,2,7; 811.11,3,59,221; 841.
norim 11111114. 112137. 11, &165 Ep. 1, 15, 424 Ε4.1,17,39;
14414. ‚pamm 4414144144 Ep. i, 11411204.
10, 34. 111144414444 non 4141441441· 11444. 11444841.1,2,109;841.1,3,
44 herbo 114. 1, 7, 42 1141411114 4141 70.
1414111441 ’1141 Ep. i, 10, 19. 1144144. hunccine 441441 4411444 mihi!
mnu· in 11114 41, 11, 44. Albani. 44114, 41.
in berbin 414441141411414 0111112211. 11441444. 1,1114144114414414114141114
141114111411“414444411(4111114)011.14, Ep. i, 16, 71. 2, 1444444444 1444.-
281. 2, 411141114444144 841. 1, 3, 14441444141411414 pisces 841112,
22. 1441111414 1144112, 87; 841. 11, 17.
4, 29. 444 14114 144 141111 114 14141111 114144. 1,141444144.·114414Ε4141114-
114411. b, 67. 414411441411144441114114 4414 11411114Ε4411.2, 52. 2, bruma:
441 8441144114, iu 1411144441 14114 1411401141. informa Od. ii, 10,
11111111. 11· 1111. 1,.11 1111111 11111
141141144127. 14114441441448441, Veii· 114144841, 11, 1. 441 14144
249. berbin 444114 inferbuit 841. 11, 4, 1144144, 441 1111411114114111111141111111,
67. 141144141444411144114.1, 127. 11,4. 4441441144 1141444011.1,18,38.
14414414. 4411444 011111, 111, 9. 1141414 44114114 Ε1144 0111, 2219. 0,
1444414. 8411, 7, 72. fn'gm: quum 14 441414 44114 1114141441
brumban. 841. 11, 11, 2. 14414,1144114144 841. ι, 1,³9.
herilis. 1141114 4444441 0111112269. 104114. oderunt hilarem 1114144 Ε4. 1,
.. 2 6841. 11, 7, 00. 11411144 44144 434 09. 41414144 hilariique 11411, 2,
.1, , . .
114444. 114444 444441144 41 1411114 841. 11444. 111114 flagitat refici (4141444114)
11,.1, 193. 414 14 adhibebitur 14444 Sti. ii, 4, 60.
1441114 27. 4144114 1444411144 1144. 011.1,17,14; 011.1,34,14;
14144 Ε4.411Ρ14.114. 1441 virum 411 011.111,4,58,19;Ο11.111,17,2; 01114,
411414411441411141. 111 4, 41, 1411. 1, ³1; 4411.4,47;4111, ·
14141 141444 841. 11,2 93. 1, 17, 111; 841.1,4,6; 8411, 5, 47, 60,
bem. 111444 01111, 111, 32. 1441111414 71,06,93; 811.1,9,16,44; 841.11,7,
Ε.1, 1, 08. 1441114 14111114 841. 11, 2, 117; Ε4.1, 19, 414 114141Ρί4. 310.
119. 4411441444 1414411841.11,11, 43. 11441144. 1111114111 1411114414 01111,
1141411411111.16. 1441114 4144141441 16, 34.
4445441 Ep. i, 16, 2. 4, 11414 844112 0414444444. 11144 hinnuleo 414 similis
² ⁰ cip 4 4
1441414144. 4111484111, 2, 70. 14414 bircium. 141144 841. 1,·1, 19.
(144111)114141144141444441441441.11, bimo. 1,41114Ε4.411 Ρ14.220. levin
4104. 1144111441. 2, {trdus 1414141114414114
144. 011. 1, 2, 07; Od. i, 5‚5; Od. emittitur: gnvis 4411. 12, ⁶. hircum
1, 15, 9, 193 011. 1, 24, 114 011. iii, 24, 1114184112, 273 841. 1, 4, 92.
30 ; 011. iv, 1, 33; 011. iv, 6, 1⁷3 od. 11141144. 11141114 4141 Epod. 12, 5.
iv, 10, 6 5 011. 14, 13, 17; 114411. 1, 1013 114114. 441 tibi 4414141 ingenium, 144

1. .11,1,11;1344114,111;Ε . 1411411141441. ¹
1444;8844ψ11,4,44,114.4111>14. . ⁴⁷6irudo. 441 11144414 411411114111Ρ14.
mari. quiin 141 1141 m 114111. hirundine 4141 Ep. 11, 14.
1441128. 11444114 11411444, 41 4114 hispidus. agri hispidi 011. 11, 9, 1.

4441141141 844112, 32. him 441444 144144 01114, 10,8,

sat. 11, 5, 56. 44114141411441414 inducat historia. 1111141114 441144 011. 11, 12,
841. 1, 2, 08. 10. 4114148411, ,89. peccare do·
114144. 14414 111414 dignum Ε4. nd 444144 Od. 111, 7, 20.

Pii. 138. · 141114. Od. iv, 10, 7; 841. 1, 9, 57,
hibernus. 414 011. 14, 12, 4. ,41444 69; 41111,4,16;441.11,6,41;4141.11,
84411, 8, 41. 1114141841. 1, 7,27. 44- 7, 11;1;4.1,7, 19, 705114. 1, 16, ³³3
414 114411. 2, 29. temptatum: 111414 Ep, ii, 1, 160.

Epa. 14, 1. equor 414 ii, 4, 144. mamus. 1111140111, 7, 17.
Ν11,·Ε '¹⁷’⁶⁵;· 111111111111.
111111). 4111111144, 41. i, demissis 1111111 <inrui 4411,ιι 1,

 

