675 11151111 1151111511

Ερ.1,175,11111111111111111115115 6,ι,55, 1,,,5505 ,1.11,1,
1,9,.1 155111511111111111115111105.1,641,)15Ρ1161101151,”’,555
55,,59 ,111111111115115115151554
150 1115151581111769 ,1115111ᾳ11.1’,,1,1,,.110
11511151 funum up· 11, 1, 511, perob- 1115. 85115,77,Ε,1,151’11,ω,
151111,11115511111111’05,111,50,.6 1111,1111111051,555851.11,
11111111 Ep.i‚,.78l 1515151511)ρώ 11451551 5,111 111-,11111 1111Μ15511151Σ
111551151151111515111 0511157
1111115151,6,115.111,1111111 81111,,,6Ε 1111 inhaustum-5.
911.1,651,1111,11111151,ιι1 κμ11111115111111105,111,.555.
115111611151111115111 111115511111555111101111.811..41 qu
110,111,11,49.(,111111111151,51 nuuc 1111 111 51118111, 9, 151111
11111111111111111051,1,16,111,11510151111111115,11,15,11 5,
1115111,11511151111151111551,6,57.1111115151111115105.ιιι,16,7,
11111,1111111,1,1111111,1.11,5,40,1,11111,11111111111151551111811.15, 96
1151,(,511111111111111118611,,5,,97 5115111511 5,,, ι, 17 4 domnitam-
,11551111515111111111115155111515515 1165.

11511111513111155518,ι,6,56,05.11,”17,11.····51ι11’1’1”’ῗ’”111111’.11.111’.;”’1.1-θ

1111111111 111 81111, 7, 59, 11111111 1515515111111111111115115111111151,
115115181111,517, 111111111115111 10, lou.

111 811.1,6,,75 1155115511 1111111 11111111.1,1111111111111111,1,1,10,
51151555, 11, 1151111 1111111111,15,111111115’115115511115105””51,5,
7,.55 1511111115,111,1551181111,,9 65,111111111517,111151511111ΜΕ,115
950.1111111111111181111,6,55,111 155115511151151111111105,1,,94
111511515111111111111111115Ερο5,4,9,4.155115511151105,1,7,55.5,
1,111555115115105.“111,11,50,1,,1511 1,1111111111111,1111111111’,·1ι’1111105
0111111417, 8111, 10,95. 15551 11,19,15,

Ερ,1,,,61711,,1,771,Ε,1,11,’,576. 11111111, 05,1,,1410,05.1,55,10,
1111111511,,1,5,65. 5,51111111111,811,1,10,,59 81111,1ΝΕ,111,1,5,

111111111511111 111111111111111111111, 5,Ε,1,1,5,.4

10, 59, 4, 5111111111 ,1111511115.·5111 ,’11111. l, 511111 cupidinum ,51111111
15518511, 5, 55Μ11116511 11151 5111 1155111 5515111051,19,5, ,’11111
05.“· u, ’14, 6. gruunt 11 111 05.“ 11, 5, cupressus 91151511 151111 Epud. 5,’ 17.

:gapenum 1111515 impostum 05111, 181,ῑ.1,65,316666,,15),111111ῃ1111111161011ὣιιιῗΙ
1 11 servu·
ma 1’1111111511111511111111 1111 11ἓ1’51ἷ’11’5,”140’,” &affiman-
11105,11,,.553 51551111111111111111811,11,,.550 jun-
1111111111111,1111111518,1,1,15,71, 11111 Μ1111515 15 ue 1111111 conviva-
imumuuu. 1111111111 11111115511111 811.’11,7,55,1,111,1111111111 ntnuEp.
,151111555551111 1511515155 5111111111 junii
55151111511511556. corpu· 515115 1115111111 Ep. 15 Pin. 555. 515
15111811.“ 11, 1, 9, 11,) ppunu jubeo 11 511511515111 fini)
11115111. nee 1111111’11111111111111151· 811,ι,1,104. 1551115111111,11’1ι(11115
1111511 15111 ,11151115 Ep-i, 17, 55, ,1111111 1111111105,111,54,5’7. 1151111
1061111111111115111 vatum Ep. 11, 5, 1115111111 8111811 1, 69. 11ςὸιά ,51111111
11111511111515 1111 51151111 quieto· ’15οη11111’115”1111’1’1’11’151’111’51 Ερ,”1’, 111
5115115511 05111, 59, 41, 11,,51111 1, 1111111 jubet prior Ep. 1,7, 66. 1.
151115115111111 51151115 ,1111111115 Ep. 55 inf. 1111, 11111 perunna ,1111111111 111,ιᾶ
111190 ,11111,111111151,111,1111111111111 ,1151111511 11115 m unm 05.“ 5 5
11,).“11,1,515, 1401111111 1551511 ,11515111 1155 05.
puppup. ,11115111 ,111511 irroget 811. iii, 51, ,S'L 11 nutum ,1111111 tunm 11-
’1111115111,11,1111105,1,15,15.1,.’111’11’1’1’1111’11111”101’1’ 111354, &who-{unffi
11151111.1151511111115555 ’13
5551.Ε1’,11,4,131,Ε,1.1,,795. 115ρί]5111113555 1515111111
111, 05,’1,54,11,05,”’11,15,10,,5111511111511515915440 ,111-11
8111,,,196’8111,,5’59,8511,,579’ 11111111,11,51111Ε,1,1714. 15111
101, 8111, 6, 50, 81111’,1 59, 81111 51111,5151551,51111,1111115111115111 811.
5,46,851, 11, 5, ’19, 81111, 5, ’1, 811.’ ι, 10, 91, Ferentinum 5151151551
11, 7, ’,5 5, 51, 811’11,,976, Ε,1’,1,5, 17,9. ,51111515115511115,1,151’11,

mensuit 1111151115 pnsum 11115151 &t

 

