. lmx 1111611111. 711

nm 1111 111161666111111 0111, 21, 10. 16, 26. 616 pn& 111111 11111111 6161111
11111 011111, 4, 66. ubst-e proprius 06. fertur 611116160.
11, 11, 16. 1111111 celebret 611. 112, 11, 11111. 111611. 4.1 jum grandin 11111
60. 11111111 61116111 611. ii, 2, 60. m· Ep. 1, 7, 49.
nb gnie 1111616111 Ep. ii, 2, 210. 1666116111. mm 011. 1, 16, 10.
111111. 1111111111 161116111θά. 111111. 616661161111 11111111 6611-
1, 2, 11. 11611111 11116111 06. 1, 6, 16. 6111, (1161111111 6666. 0, 66.
111111 inter mmm 11111111 611. 11, 6, namra. 66161616 1111661611 mu.

. 2,1116111111111 em, fluctum: 6111 1111 (fastidio 1111611111) Ep. ,1,96.

11111111111611.11,.7, 7. ι 1111111.ι 6611011114. 111116.
61163616616117· 11111...11.111·11111

111111. 161111111111111111111611116. 611. 1. 1, 60. 1111111111 1111111111
11, 1, 166. 2. 6111111111 Bne Ι11111111 piger 1116 11111111 611. 1, 6, 19. 11111111
huam 61111, 76;66.16 11. aa. nautaeque 61611 111111 66111 611. 1, 6, 22.
&ihu nque avibusque 111111 16111 tum 611161116116611111611161111111

0 1

11, 4, 46. pratensibus 61116116 5111111111, 1161 111111 111111
111111111611.11,1,21. 616 11611161· 1111106.1,12,27. 1161161111 111·

6111 11111 11111111 611. 11, 4, 64. 6111- 1111116111 111111 06.11, 16, 4. exitio
1111,11111111111,1111 1111116111 1111111 1111116111 11111 111111 061, 26, 18.
1111111161 111111 1111111 11611111 611. 1, 11161161111110116111 .16, 7. 111111
10, 66. 11161 116111 11111111 111111 nuti· 66611160. 611111166161611-
(1111111111 11111111 611. 11, 6, 96. nu· tum 11111111 611. 1, 6, 4.
116161611611161111116111116 1161161 miens. 1116611111611.116,106.
1111616116111111111 Ep. 16 11. 167. navigan. naviget 11161161 1161, 16,
1111116111111111111111111111111111 71. naviget Anticyram 811. 11, 6, 166.
11111161161111116611111111111,1116611 navigium. conductum 1161, 191.
η11611.16,66. 611616111116611 navit· Hispana 06. 111, 6, 61. Idm
611. 11, 6, 76. 6111 11111111 11111111 pe· 06.1,16,1. 1616111616111111 06. 1,
1161111161 Ep. 1, 12, 10. 1, 11111111- 67. 16. 1161111 06. 1, 62, 11. 111111
1111111111Ἢῦ 1111131111 1111 1111611111,11ῗ“11..161.11.111
611161611111161611666611 611. ii, 2, 67. m 111611 611. ιι, 6, 206. 6 111111 06. 1,
1111111 1111111 1166111 611. ί, 2, 111. 14, 1. 11111, que 611111 Virgilium 611-
66111161, qnos 1161111111 611 611. 1, 1, bus 6111611 Od. 1, 6, 6. 1111111661.
66. 111 mgis 111111111161111 611 m· 1111. nam Ep. ii. 1, 192. 1111 1111111
1111 1116111611.1,2,124. 1611161111δὶ 61666611611111666. 1, 1. 611 navium
11661661 haurit 11111111 611. 1, 6, 66. 1011111111 .⁴, 17. 111111111101,
1111111111 11,· ,1111111111
111111 66111111 611111111111166111 Ep. 6. 111111111111611,1161111116.11 2,
1, 111, 100. 1611111611611 6111116116111 200. 11111 11111611 11666. 9, 0. 1111111
111 6616111 6111111611 habitum Ep. 16 11111116.ιὰ111.11. quum 1111 611-
Pin. 100. 116116 1111116111 1111111611 61661116111111111106.1,6,1. navibus
1, 6, 102. 11161111 1166 Natum 661111 111611 quadrigis ( 611111 61111111 16111111611)
811. fl, 1, 61. 61111111611111111111 61111161 6111111616.1,11,26. mvi.
111111 11111116 61116111 611. 1, 6, 911. gano.- 6111 navis 11111 06. 11, 16, 27.
1116116111 1 justo 11611611111161111 m 11111611 111111 agore 11111 ignarus
611. 1, 6, 1161116166 1111111166111161· 1116616661. l. 114. ,111116616166111111
111, 11 111111 coercet 611. 11, 6, 176. 1611111111 dum 11111111 11 1116 1111161,
111111 natum 66111111161 Ep. 1, 10, 12. 16, 01.
1116111 61111 611. i. l, 60. 1111611111 11· navita. Ρ6111106.1116,14. timi.
sumtum 611161111661 66106. i, 14, 14. 611116106.11124
,21 1111111 11111111111161 6611, 2, 41. 1161 6666. 1161116111 111111
m. 116161 1111111 11116111 06. 1, 20, Euporum tentabo 06111110. 1111111
16 opponitur ani: 1111111 61111 ludt- 101111016816111101111116,19ι 61111111
6111 emen, 11 1111 Ep. 16 Ρ11. 406. 1611111111111 1166111666. 10, 16.
1111111 111111, 1111 1111 6111117. ne. 1111111111.
1111111111 cupido: jamvagn pmdlietfoeniu 116116. 1, 1111111 nebulam spargere
111111 11116111 61111 7, 74. inda 1111111 6116161106111116. 2,Ν1611;6166
ubine 16111 11111111 11111611 611. 11, 7, 11111 mundi 1111116 malusque Ju ’161
40. urget Od· 126, 19. 111 de 11-
1, 111111. 11611. 2. : 6111 1111611. i, 1, 1111111111 ignee, qun 1111111 6111111111 16111
66. 6111101111 6, 42. 1616161 06.11 06. 11, 6, 66.. μ ι

 

