11011 1011001011. 679

400. 1011011 0110001100111,1,03. Ι1001111111. 0101001111,15,1. jugum
1011100110 1011111010 uuum 0111 801. 1, 011111 0011113. 1101011110 0111101ιο17
6, 61. 111101 ubire 11010001 110111. 11, 0111, 150. jugerum paucorum 11110
00. 011111 0110Εο1 11001191. jum 01 111, 16, 09. jugera 1010111110 ferunt
0111001111 01110. 00039. 10111 10111011110110.
mire 811. 1,0, 100. ’0111 1001011Εο. jugis. 10011 1101 011. 11, 0, 0. jugis
111Ρί1. 030. 10110111 11001101ωὸ11. tque 00101 Ep. 1, 15, 16.
1, 3, 00. jubetur 1011 1111111111 Ep. 1, jugulare. 01 jugulent 1101010010 . i„
ι110. quo 00111110 juberis 1111011110. 0, 00. 101010 11001 1000 011
1,10, 7, 10111 10101101 111, 6, . 011. 1,7, 35. 01001111 1111000001
juni persequemur 11110 00011. 1, 7. 011. 1, 10, 33.
101111010011 10110 80111. 17, 37. 111110 jugulum. 10 0111111 1000101011010 11-
1 010101, 1011000 1110011110 1,10, 1111011. 11,3, 136. 101010 00110110
1. 1.11101.;1011110001110 ’ 111111 ’ 1111101111 sumu.
01111141. 000110011111010011, ju 11. 1,100111110110111011011“11111·
0, 60. 1110111111οω811.11.1,70. 111111 iius, 40. 111111111οή1 111 10·
10011011 01111011001110000110111101110 1111ος1 0001111. 11μωὶηά ’110-
111 111111111110111
jucunda 1100101 0101101010 81151, 5, (1011010100001011.11, 0, 0. de 011011·
70. 10111 10000110000111111101111011. i. 35,
jucundus. 1111 11001 1, 6. premi· 00. 1100010111 01010101 {hemum 011111,
110111. 0, 06. 0101111μο 1010111111, 9,10; 011. ”, 33,11. 10101 jugo 10111
0011001111 11001055. 11011111 0111, 0110010 811. 11, 7, 90. 0, 1011111111ομ
1193181115, 44. 1010101101001111 01010010οο1 1, 11. juga Το1 01011.
011. 11, 6, 96. 10100111 11111111 11110 801. iii, 0110. 11011011110100110 ,11,19,
ii, 6, 60. 101001011111111110 00111 10. 101011111001101111 01111010.
ἓ11.3364.66101001101 1100 101010 011 011 46101110110οι. 1011110 01101100. i, 10,
.1, . .
guda: l,bouun 00111101 011. 11, 9, junctura. callida 00. 111 Pu. 47.
41. 0011110101 81111, ,0. 1111111 10101· 1101110 101111 junctumque 001111 ibid.
111010(1’011“1) 01111, 3, 19. 10111111 040.
1111111 811.1,4, 103. subjudice 10 111 juugm (1. 1111. ). 1001111 Nymphis
1110011011. 70. 1100010110 11110101 ju· 0111110 01 1, 4, 6. Grati· 001111 'unctu
1111 E . i, 16, 40. 1100111 11 1011110 101111110101111,19,16. -100111101111101
011101 1111, 1, 40. 000010101110,000 011. 1110115. jungentur 10010010011
00111, 000010 01116. 15. 0010111110 01110, 0. 0011001011111110011111
ortium 110111ᾱο1 1111010010 Ep. 1, 4, 1. libidine 101101 10101 001116, 30. 01
1111111111 10111001 011. 11, 7, 101. 000 01· 10111 001 jungaturque 0111 Ep. 1, 5, 00.
111 111101 1000001111 01010111 judex 0. 00101011101111101110100101101001111
111 Ρ11. 060. judici· officium ibid. 014. Rumpis. 0. 100110110011111(110010)
“gutum 0100100 ibid. 364. 10 Μ1111 011011. 1111111101 0111100110 1
111110110110111111101011011307. 1011110 011. 11, 0, 10. jungite 00111111 11101 111
01101011. i, 10, 30. 1111110110000011 Cum. 0101. 00. 10010 1100111111 101101
m ...
otono 811. 11, 0, 53. me ’011111 100111 811. 1, 3, 54.
Pium 1111011110 011, ,14. junior. adulteri Od. 111, 6, 05. 101
judium. Ljudieuutem 1111101111 AEu· tibi 10001011011001 011. 1, 33, 0. 110011
0011011.11,13,00. 111011100111101000 1011001111011100.1,17,16. 1011010011
00. 11, 1, 00. 0, mure.- 00111 du 101 1110111 1001 Ep. 11,1,44. .
10011111111100.11,0, 191. ι1111011. 101101 10111111 011111 811. 11,
judicium. 1,101111,001010101011111111 6, 57. 10111 bene 10111 esse 11111111 Ep.
'ud 11101111 811. 1, 4, 99. 0101111011 1, 1, 09. nocturnos 10111 10 1010111110
10.,,0
1111110111, 101. 101111111011111100. 11011010 011110 1011101 Ep: i, 17, 60.
11,1,045. 0111 000,0100111111101,10111101 10110111 tuum 001 nomeu 1111 Ep. ii, 1,
11111 1111010 Ep. 1, 1, 71. 4, ingenium: 16. 1011111110 0011001001115,4.
1001111011 1101011110111 Ep. 11, 1, 040. 1011101010 1111100011. 16, 05. 11011110
1111101011 101111101111100010011011. verbu magistri 001, ’1,14.
006 jurgare. 011011 1010110111111 (01·

700011· (111111111011111101111 11011011 11111100. ii, ²2²2· 711011011111110100-
Cum. 001. 10. 10111110 011. 11,.0,1100. ¹

 

