500 INDEX 8811808011.

841. 111111111111111111111111111101.11, allapsus. mpenu'um 1111111111 Ep&
11. ...11111111 011.. 1, 1,11.
10. , 11111. albus od. ii, 10, 10. 11111. 111111111181111,4,78. 1181
111111101.11,10, 16. 8111111118 . 811. 11, 8, 9. Ι
1, 111. feri 11111, 11. ι... 11,,Ι 11.... ineuntis alimmum
’.1111111131 11141181,Μὲ111 Ε1ἱ1111..1”1111ἑ mutim qum, 1.
lugubrium. iii, 1, 11. ...1. Epo& ιο, 1. umqum. dulciaqimmfflu,
111111118111.16,14. 11111101. iv, 18.
611. atam. 1, ο.. 1111111 zat
alga· inutilis 01. 111, 17, 10. alga Cum. Saec. 9. 11110111, 7, 7. 111111
.·.11..1.1. ii, 11. 1111111. 1111011111. (1...)
algere. 1111111111111181.111’11.118. 01. 111, 4, 41. 1111111111 0111818.
11111(111111111,)111).· 01. iii, 5, 46, 1111110111, 15, 81.
811.1,4,68, 811.1,9, 71, Ep.ii,1‚ 17. 1111. 1111111 ρ1111111118111,5,5. tl!
11111111. capella 811. 1, 1,110. uxores 11111111,111811.11,6,10.
Sat. i, 1, 81, 57. 1111111811. 11,,7,46. 11111.111101.11,10,14. 8111101111.
1111111811. 1,8, 116. 11311181118, 881. 11118111. 16, 1, Ep. 11811·
19, Sat. ii, 6, 88. 1111111811. 11, 6, 71. lustrum 01111811. 67. mem “Q
111 1111111111111111111111111111· 5, 81. amicus 8111, 5. 88. (ὥρα)
111181161811ζ18““,18111 118111111111181111
1, 18, 77. 11111111, 19, 11. op 11- 111111111111(ρ111 111111)01.11.17.6·
6111811. 1,4, 118. alicnis 1111111 111111 quoties 11 111 speculo videris 11111111 01.
811. 11, 8, 71, 1. 11111. domus 1111111111 iv, 10. 6. hem 1111111111 1111111111-
111111811.1,9, 66. 1111111111111111111111 1111181.11,1,176. 111111111101111
Sat. ii, 4, 67. 11111111111111811. 1, 4, 78. 11ῗ11811.11,8,11. 118111111111(11111
11. (1.1... ιω). 1,.1. 11, 11, ...1111111111 alter 11.... ahu
811. 11, 1, 81, 81111, 1, 55. Ep. 11, 1, 188,184. 11111 Ep. i. 18. 1111
1111111 (11111).- 811. 1, 4, 4, Sat. 1, Ep. 1. 1, 67, ER. 1, 831, 81111111
1166. 8111168. 11111 Sat. 1,1,1011111
1111111. 811. 1, 8, 19, Sat. ii, 1, 94, et 11111811. 16101, 811. 11. 8111
106,81111,8,6,811.11,5,41,8ρ.11, Ep. 11,1,74,81.111’11.16. ww
1,106. 1111111111,11111118.1,10,4. 111111
aliter. Ο1.1,18,4, Ερ11.14,9, Ep. 11111 111111, alten hiphonen 81111.
11. 1. 168. 88, 84. 1111111111 11111111111111111111
.1.·....1..ο.1.1,11, 11. Ep. ..1 11111411. 11.. 111111

11111.1111111011,17,18. 1110111, sermone audiret 11111111 Ep. 11, 1, 87, ’

1111. 1101.111,16,8,8,).1.19,31. 88.

11111811.11,4,11. 111111101.11,11, altercare. 111111111111111111111 ,11111
88. 1111181111117. 1111111181ιί, 811 11, 7, 67.

6, 95. 11111811. 1,7, 14. 1111111111ιί 11111111. 1111111 pede 1,111111111111111
811. 11, 1, 60. 111161181111, 8, 80. 01. 1, 4, 7. versibus 11111111 1111111111
speeie· 1111 scelerisque 811. ii. ³, 168. 1111181. 11, l, 146. 11111111 1111111111·

pnvum 811. 11,8,11. 1111181111,7,81. nibus Ep. 11 Pis. 81. altemhqueffi Χ

alii (11111111) 01. 1, 7, 1 , 811. i, 6, 111, 811. 1, 8, 40.
8111, 10, 77, 87, 811.1,4,1, Ep. 11, alteruter. 811, 18, 64.
1,169. 1111111181.11811.868. 11111 1111111. ἳνα) Ep. 1. 7, 86.
11111111 111111110111. 8111. 10. 111 alius 111111. pulit 01. 111, 4, 10.
1181111 1111111111ῒέἒὲ ..11.1811811111111ῖ
111111,11111111811.11,1,185. Fortuna 7111101. 11,6, 8. domun Epod.9‚³;
nune ..111 111,... 11. iii, 11, 52. ...1. 111, 1,111. 11.... san i. 1111
alius Sat. 1,1,16 1111, 1111111111 ,1111118111116 platanus 01. 11.,11»
1111118111816. 111111111111111811. 18. 1111181111, 16. 111111811111
1, 4,163. 1111111111181111111,111111 114. 11101.1,9,1, Ερο1.6,7,8111ι
11111811.11,8,141. 1111111111 111101. 1106. 1111118111.16,61. 1111111111111
111, 1,11. uon 11.. mm} 11. 11., 11. 11111, 11, 1ο. nubium metu· 11 ιτ. 1
11111111(1111111),1,111111,11811.ἱὶ, 4,66. 16. propugnacula 11111111 1,.111. 1·
aliussapientebon 11 Ep. 1, 16, 10. 111111 monumentum 11111 pyramidum 1111111 01·
Lysippo Ep. 11, 1, 40. iii, 80,1. 11111111111811.1,8,48. 111111
allaborare. myrto 1111111 allaboret (11· 81111186 1111111.,111,11111-·ῑ11111
>,.. 0¹0 01
0 j 0 ' Ι Ι

 

