630 111111 1411611111.

67. c. 111611. 114.· rupto 66 111116 661641 corporo 161141 Ep. 1, 0, 40. 41411411
Ε11.1,14,7. edific..- 1161111166 611641 mancipium 6641144 Sat. 11, 7, 3. 1114-
11411 06. 111, 4, 60. 66411111111116611· goe 11611111οωὶ46 141111 841. 11, 6, 14.
11111, 41114164411116 64161111 Sat. i, 10, movit 414111414111111111114664114114
. Τ614161416 06. 11, 4, 6. 16 661114-
dolium. 14441111111114106.111,11,07. 1111111.11,1,161. 6614141111 tullum
61116 Ε1166.0, 47. Ep. 1, 6, 46. 664114114111411411114111.
«rotor. 1,4111111811.1,0,39. 4611 1, 16, 10. dominum 161161111141
Epod. 17, 64. 11161414 841. 1, 9, 30. Ε11.1,10, 40. permutet 64411464 111111,
111161141611116811.11, 0, 09. 661616161 0, 174.
pectore 14111841.1,0,109. 1641166116· domitor. Τ161161311.1,0,19.
1641(1611)11)Ε11.1,1,34. 1111641461- 6111111. 1, 6116114 811. 11, 3, 04.
4111114 6116161 841. 11, 0, too. 116161 alioue 84111, 6, 71. 1114 611669, 31
cotto 641416 1411111111 Ep. 1, 0, 55. 111 141116, 114. 464 1111111161 06. 111, 1,
11161 uultu 6661 16111 doloribus 16111 Ep. 00. 611114 Ep. i, 6, 45. rago 06111,
1, 17, 57. 111116616141 (41114111)81111, 04, 70. 1616416061. 35, 03. loco
3, 060. 0,1“14.· 111611116116114114111 8111116100. 6118146065. u
Epod. 15, 16. 66161 quid 4141611161 0611110041 0611, 10, 04. ulcio
14641 Ep. 1, 0, 60. 06. 11, 5, 10. 11646114 01111, 1, 150.
6111111. 4111161 Sat. 11, 5, 70. 414111 11114 0611, 5, 01. aliena 144114 8111,
061, 3600. 141114 06.111,·07,05. 9. 49. 141411464Ε11.11,0, 199. hostiles
66161646414111611111141441161611181111, Ε1166. 5, 53. Pergam 06. 1, 15, 36.
5, 3. 11411 Od. 11,1,0. 6116111061009. aeria 061. 005.
dulus. 56161 1111661141 1111616 06. 1, 1111644841414106.11,10,0. 611114011·
10,10. 641614111116116 46141116811. 16414 061, 4, 17. 0101466061,7,10.
1, 6, 90. 641111611411114111 Ep. i, 0, 141641116141111116 prospicit 4111111111.
15. 164611111666414111 ,0, 04. ί, 10, 03. 11661 urgento 661411 011. 11,
donabitis. 4644411 ’1414116106 11, 11, 6. 1466116 renidet lacunar 0611,
14,41. 111. strepitu 164644164411841.1,0,
donare. 64410116111164141411116461 109. 11661 641114 661411 ct tota vicinio
06. 11, 10, 6. 1611661411111111644 06. Ep. i, 16, 44. 1111111111411664411161
111600. justo domiti triumpho od. i, 1611311.1,0,51. 164 664141 61 114641
10, 54. domitus virginea 1411606111, 6161111111114 E .ὶ.0.47- 1111661441
4, 70. 114414 (11111411) noo sera domuit 1116114616411611118411161011. 16114
0614141111οά. 16, 7. domita 1111164 domibus negata 0610000. 1141111611-
06.11,0,18. 1111111114 06. ii. 0, 9. iit· 111111 811 11, 6, 66. per 14144166141111
1111111181. 11, 1, 10. 661141 16 Venus 111111 spargit 811465, 05. 1464141111
06. 1, 07, 14. premere: 114 6641111 Ρ41111111111111411 06.11,1,9. 661461
111414 Od. i, 00, 9. structe 0611, 10, 19. ponenda 661441
domesticus. 1,(1141611111116118411, Ε11.1,10,13. 6146111411616 06. 1, 35,
6, 100. 0111111111 11111661611416111. 04. linquenda 641141 06. 11, 14, 01.
16 Pir. 007. domum claudere 06. 111, 7, 09. 1611414
domitia. 1, borbon 06. 111, 07, 65. 661411 E .ii,t, 104. 1111606116 6614114
Sarmenti 6614144 611611 841. 1, 5, 55. do· 01.111,11,1;141.1,5,11. 1111464141-
terius 411111 644114141111 811. 1, 5, 67. 1611116611 6166414106. 111, 09, 37. ju-
(Fortunt) 6614144 equoris Od. i, 35, 6. 164114 61 11441 664161 06. 111, 15, 0.
1161140611,14,44. 0,11111114.·1411114 pudicamuicr juvet 6141141Ε1166.0,40.
06111119. Licymnia Od. ii, 13, 13. domi 841. 1,],671 84111, 3, 0301 811.
141161111011.1,0,05. ii, 5, 31; Ep.i.5,³; Ε11.1,6,44; Ep.
dominare. 6641441114 1614141 81146 1,19,06. 116111 domique Ep. 1, 06031
Pis. 2³4. Ε11.11,1,000. 6114114116 Sat. 11,5,37.
dminus. 11116106. 11, 15, 6. 6641 4111161] 6. 11, 00. redire Sat. 11, 5, 6.
811. 11, 0, 90. 6114641841. 11,.0, 113. 1616111 111, 15, 04. 164116 841. 11, 0,
fureur 841 11, 7, 66. 1116111106. 11, 14, 0301 Ep. 1, 7, 60. 16 1616116 841 1, 6,
04. 4ο416111841.11,7, 90. 16461 811. 114. properare Epod.2‚6‘2. ducere 06.
its, 10. 66416111611116461616116106. 1, 15, 5. 16611616 06.11,0,17. 1616-
111, 16, 05. 1611111411161611106.111,1, 1161681166. 13, 16. 1611611116 Com. 8411.
06. 164111146614141 061, 1, 6. tuno 74. 114164 16416111661111411 16,
mihi 6611114111 841. 11, 7, 75. (16111114) 07. 66661 66146 0611, 3, 17. 6114 61-
111114664141111466161841.11,0,006. 11111 66114 811. 11, 6, 90. scortum 6111141
11 464 111111 eorum 41111161 dominus domo 0611, 11,01. 0, 1611116141111141
Sat. 11, 6, 90. 1461144116161611611811. 061161140611, 10,6. 11614 Pelopis
1, 10, 74. liguum 14611114 14 6641141 061, 61. 11611114Ρ11416106.111,0,
1111110611,13,10. 6141416661111 06. augurio Argivi concidit 664111 Oti.

 

