111111111111111111.Ι 729

111111. 1111111111. 193. smmis 111111 conditionis: 1111111111111 111. 1, 3,
11111111Ε1.11,1,171. in 11111111 missi 20. nsque 1111 111 111 magno 111 parvo
ducis 111.11Ρ11.316. 11111111 11111111 leti 1111 Sat. 11, 6, 96. 11111111 111
(1111111111 1111111111) 811. 1, 1, 18. 1111111 E . 1, 7, 44. parvis 1111111111
11111111111111 scelus 1111111111 011, gaudens 11. 1, 7, 68. nmis: 11111111
229, Ep. 11, 1, 267. modis 1111111 tenuare
porticulo. undiqnsdssseta 01116, parvis 011113, 72, 1111111111111·
14. 1111111111 11111111111111111(11111) 1111111111 011112117. nil parvum
1111011, 20, 26. 1111111111 divino 111111Ε1.1,12,16.
1116111111 1111181111, 2, 79. panosus 1, 111111 durus aretque Ep. 1,
partiri. 1111111111111111 111111111Ε1. 16, 70. 11111111,1111111111111 111111111-
i, 13, 61. 111111 1111111111111111811. 11, 1111 01. 11123. 9. pascitur votiva ju·
132. 111111 Ε1. 1, 3, 36. 1111111111 Epod. 2,
ponaris-s. Germanis 111111111111· 61. missa 11111111 1111111811. 1, 6,18.
11111 fetus 01. 11, 6, ί96. 1111111111 1111111111111111111111111111111111111111111
1111111111 ,11111111 Notus 11111111 111111181116, 104. monsedo diurns
1111111011, 7, 16. conductum 11111811. 11, 7, 10. vernas
partus. 1, maturi 01111. 811. 13. 11111111111111111111 111111181111, 6,
11111611111111111111 1111111 1111116. 67. 111 pascant 111111 01 1, 31, 16.
[mm ,law gamm? 1118111111 1111111 ffiffffi 20111121, 2111611111

01111101. 111 4, 74. 11 emes 111111 Ep. i, 16, 48. tacitus ’-

ponus. 1111111111 1111113. 111111· 11111111111111111118111160. μη.
1111181111111. 1111111111111101 11111 (plens 1111) 11ηωί1111111 tende.
i, 12, 69. 11111011317. locuples 1111 Ep. i, 7, 30. ficis 1111111111
01 11, 10, 22. 111111110111,1,36. 1111111811. 11, 8, 80. msjorutrnm 11-
611111111116. 11111 811. 11, 6, 46. lun 111111111111111111Ε1.1,1,14.
11111111.11Ρ11.443. 111111111111111 11111 111111 1111. 111160. pascat
11111 1111111 ibid. 363. .. 11101111311161. 1111111111
parvulus. 11111111 sani, 1, 33. nb! 11111111111111 11111111111111131.1,17,
1111111 111 111111. 1, 13, 29. 111111 47. 2, vieta absumere: nummos 1111111
pussula 11111 Ep. 1, 16, 42. pascet Ep. 1, 10, 36.

poma. 11111811112, 112. pueri 1111111111. Gallica Od. iii, 16, 36.
Ε.1,7,17. 1111011116, 42. numni 11111111111121. 1111101 11,4, 13.

,1111111 111111 1811. i. 3, 46. passer. passeris ilis 8111. 11, 8, 29.
111111111111101111111111111118.11, passim. 8111114111 Ε1.11,1, 117.
1 76. Dei 11111111111111111111111 11111111111111111 Rufillus olet 811. 1,
“ 111111111111)0111123, 16. 11111 2,271811.1,4,92.
m. 16, 37. snb 1111011111) 111 panor. 1111111011111. pastor
0111121114. 8111111111 11111δ 13, 1116111111101111, 21121. amics
13. 11111 111. ii, 2, 200. ne sTyr· 111111111111111111 6, 6. patmum 111-
1111111 1111 111 1111111111 (wis, 16, 11111111 Cyclops 811. 1, 6, 63.
3. 111101111117. 1111111(1111· patefacere. Alexandrea vacuum pste-
11)11111111 811. 1, 1, 62. 111111 rebus 1111111111 01 11, 14, 36.
magns 111111Ε.11, 1, 126. magnis 1111111. 1111111Ε.1,6,2.

1 mineris 111111111111111111111 111111. 1,ο imus 111, 1106. 11-

13, 122. grandineum 111111 Ep. ii, tentus 111. 1111172. personatus 811. 1,
2, 179. 1111111,1111111111111,11111111 4, 66. 111111111118111140. duri

1111111 1111111111111 11111, 811. 1, 2, 17. severi Ε1. 111109. 1111-

79. donnino, pusillus: ingenium Ep. 1, 111101. iv, 4, 66. non 111111 11111111
2, 21. 111111111111111111811.1,2,10, 811. 1, 6, 64. 11111 1111111111811.1, 6,
11111111111111111111111111111111111111 60. 111111 111111111111101 11,6, 32.
111. 1, 17, 40. ο (11111111- ω11111111111111811.12,172. ingenuo
genii) 11111111 m .iv, 2, 31. 2, 11111 1111111811. i, 6, 21. 1111111111111
11111111, silis: 1111111 (hand 11111111) natus 811. 1, 6, 6, 46, 461 111. 1, 20, 20.
111. sd Pis. 206. 1111111111 0111116, 11111111 111 natus 811. 1, 6, 6. quo sit
³9. 1111111111 811. 1, 6, 66. munus Ep. Ep. i, 7, 64. infidus Pelo 1111111
1, 13, 76. pulveris exigui 11111 1111111 1166. 1111111111111101111λθ,
01. i. 20, 3. 11111111111111811.11,2, 17. 1111111111, 111 1111111111 paler
110. 1111111 111 11111101. 11, 11113. 1111111111111111111111011,24,3.
11111111· 11 11, 1111111111111
3110111111. 811111 7,. 136. ἕπεο 111111111111111 111111111161131. 111

1111181111, 3, 166. 111111111111 1111111 ille 811. 1, 2,20. 1111111111
1.

 

