111111 1111111111. 576

Β. 16611111 111111 1111111111 061119. Epi. 16, 6. 111 cognonen 1111116111-
18. uti 1661611111111111 Ep. 16 Pis. 11181111, 1, 66.

114. verbum 1111 11111111661118111, 16111111. 1,1111111111111111111111106.
1,111. 1111111111 1611111 811. 11, 8. 41. 11111, 4. 16116111111111111131.16Ρ11.
166111111116611.11,8,166. et instat 117 (in 11111111 producetur). 1, 11111·
811. 11, 6, 89. quiddam mgnum 166111 pm: 1111111111 111111 1611111106116,
8111111, 188. 1661 supr 611111, qnod 81.

1111111111 111111 811. 1, 7, 78. 1661 161111. 06. iii, 7, ’11, 06. 111,11,11;
11111111 11181111196. 1661 Ci· 06. iii, 16,7; 0611, 10,1; Ep. 1, 11,
11111 1111111111,11111116611111111 16111 1,17,6;Ερ.11,1,114;Ερ.16
811. 11, 8, 69, 70. addetum-tumn· Pisa 11616116. 611111611111111161
811, 111111. 1661 11111111 1111111, Ep. ii. 1, 106.

811. 1661 vultum habitumque 1111111111 16111111. prodam 1111111111 1111111111
81111691. 16611111111181111,8, 06111611. 161111118611111111 11
71. Putat. 11111, 1661 sp. 1, 6, 64. 06. iii. 6, 8. 01111161 11161111 11111
1661, quod 81111, 7, 111 ; 06118. 171 1111111111.11,1, 178. 11 1611111111161·
8111,1,74;811.1,1,68;811.11,7,89; em 11111111111111111111 11061117,
1111168, 61. 1, 6111116611 1111111 17. 1611111111111111111 111111, 1,
1111181101, lluffilfffiwnfflffpuffi 4316111111. 11111117 1, 16, 76. 1111111

86. 111Ε111,1,117. (1111111161) 81116 11. 176. 1111111106. “

16611111. 1116111111 1111111 11 1661· ἰ, 16, 8. 111161111111111611111111811.
1111 811. ’11, 6, 109. 11,1,117. 111111111 06111, 11, 6. 611

16611111. feris alitibus 13116. 17,11. 1611111111 1111118111. 11,8,188. 16111111 ’

11611166111111111111 ’11111111 magistri 1111 11111111 811617, 44. 16111111 (11.
1111111. 111111 1111111611) pro, 1111111111.- 1111111
16611111. 11611111661111111111116, 0611, 4, 10. 1611111 0611, 8, 10. 11-
6, 18. * 11111161111111111111 1111111 Ε ,1,19,
1661111111. 111111111111,111111, 111, 8. cecilio Ρ1111111111 dabit 1111
1661111111 811. ἰ. 4, 116. 1611111111 Virgilio Varioque! Ep. 16 Ρ11.
16611111. 1, 1111111111 166111111111- 64.
1111181111, 8,11. 1161111111111161. 16111. 1111161111 1611181111,8,81.
1, 7, 8. 1111110611,11,18. 116111- 111111 16111811.11,6,88. (11611 0611,
ven. redigen: 1611116111111 1116111111 6,1. 6161111111.1, 17, 86. sontes
iambos 1111614, 8. 1661111111 propius 1111111811.11,4,8.
Tarentum 11111, 16, 11. 1611111. 6111111111 166111111111 habet
adm· {dm 111611 muln sat· i, ¹, ¹30 8161119156.
1611 1111111111 111111 811117. 111111 adjudicare. 111111 161161111111111, 11
611161111111. 1116 11111111. i, 18, 67.
1611111. lapi 0d.iii,29‚36. adjungen- 1111111111, mum 611113,
161111. 1,1111111611111111111106.111, 147. in 1611111111 m 1111111) ovoque
11,11. 161111 querenti 1711111 06111, 11111111111111Ερ.161’11.178.
17, 66. quum 111111 Amynta 1611111 1611111. {aberas magnum adjutam.
Epnd.12,1a. mihi 111111 161111 811. 1, 111111111111111116118111,9, 46.
6, 81; 81111616. 111111611161111 adjuvare. adjuvat 1116111111,
1111111. quod 111111111111, 111.
81111618. 1111111161116111 111 1611111111. 1,·11111111611111116111-
011119. 1161111111, paventisque 111111111111161111111111111118111,4,
6111661161 1311171, 11.ω ,111 11611ἕέ1Ἇῖ 1111111111
6611 61111116111Ε1.1,17,67. 1,]11· 11116, l.
1111,111111“1111111,1116111,11111111· admittere. 1,.111111111111111111 16-
116111111111116111. 1111· 1111111106.1,18,8. spectatum 16111111

1111 pambus Lucina 11111 adfuit Epod. ι34611116111111 1111111111 in 1113 ,1,

6, 6. 11111111111116111811110,4·. 68. 1,11111,1111111“11111.·111111 1.
flentibus 161111 humi vult- Ep. 16 11,8,111.
Pis. 101. 161 “ 111 161111 11οῂ 1111 1611111111. 11111111111111111111111111
111111 Ε . 16 11. 104. accudere: 11111, 16111111811.1,6, 116.
11111 1 13116. 6, 63. 1111111111 1161111111. 11111181.1,18,18,1111111-
1611 81111138. Roscius 1111111 sibi tum in 1111 06. 111, 11, 18, 1111111111
161111116Ρ1111181111,6,86. 11111111 .11,1,161.

16111111. 11111161111111111111111111 1611111111. 1611111111 11111 811. 1, 9,
811. 11, 4, 80. 111111 16111111111111111 84.

 

