11111111 1110000011. 667

01010111011100000010010 31111, 243. 11010111 10111101 regen 00. 111, 1, 5, 0·
1001010100111100 0111100 1001111311. 11100010 vagu 0101 00. 11, 4, 2. 10
1, 0, 33. (11000)11000 manantia 10011 1000101001 311. 11, 7, 62. 5,.101111010
0010001100 Enni, 15, 20. 10 cubitum {ism signifieat.- 10100001110οο100
ηωο1110111000131011,4,39. 100111 ,1, 7, 3. 10 0100 0012111 00.
1000001301131. 10 horum 0000· ii‚11‚4. humano· 10 010100. 111, 3,
ram 1011110111 Ε11.1,14.41. 01010110 51. 1011101000 01111100 me impositura
101110ωο00100111020. incantantia 110 0011320. 10 1011001001.υο
01111001 311. i. 2, 24. ...1110101001 101, 3, 36. 10 0011111000. 11, 2, 56.
111 1101001111. 0οΡ11.134. Romana 1011110100 11031100. 1,24. animoa
1001010110 an 311 1, 3, 9. 10111 000001 1100011101.. 131.0οΡ11.402. pronun
10 0111 1110ιο10452. 10111100 00011 1000101101οω 11.1,10,1ο. 0110011011.
00111111ος1 11110 Ρ11. 31. 10 vitiam 00 0000001001000111011010100.
0001111 . 10 ’.163 10 111100 labier 111 ,14. 1001001100100100.1ιι,0,
Ep. ii, 1, 94. 10 1111001 libertas excidit 16. 10110100 avam 00111113511111.
11111111 202. 10 1110001110 relabor 1, 2, 43. 10 nevam od. iv, 14, 3. 10
11101113. ..0011001110 1011111011, 000003 .1,10,109. 0000101000ου0.
2, 174. 10 010101 m 0001101001 rapit 1111.ιο 11. 383. quatuor ia 110101 Ep.
Ep. 10 Ρ11. 140. anuph: nil nanninus 111109. 11010110 10100100.11,16,25.
10οΕ .1, 16, 53. 10 11100 0110111301. diam 10 000001 Ep. 1, 2, 30. longam
11141. 1001110 10100111).1,11,0. 0100001110 1010111 Ep. 1, 3, 0. {alon

1000110101 10 011000 00. 1, 6,.10. 10 avana 1010101001 1011110310, 1106.
311111 mum 113111 111, ¹1¹2: ¹¹n¹nwssn⁸n⁸nansskffn¹sse¹n¹n¹ssssffli
311112, 134. 100101 10001 1010001001 2, 30. (101010010010100311.1,17,
0011, 6, 4. 10 0010101 iambos 01111 0 1011111011111101ιί0 manentum
1010011111 001, 10, 24. 10 0011100 0100001011 ,10111320 111000 0100011

01000010101311. i, 10, 60. 1110100110 10 aetat p. 00 Pin. 129. 1011011111
1011100 prorogat 0110. 30067. 2, 01 111100 010011 1101100011 301. 11, 2, 34.
101011000101010 ni: Di 1110100001111 111 010111 00. 111, 29.. 42. 111 010111 01
angat 00. 111, 4, 67. 11100 10111110 baram Sat. ii. 0, 47. 1011001301117,

nomm 00. 111, 3, 21. 0000 10110101 10. 1010001 spaniam. inputem
10 famam 01 cinerem E. 1, 15, 39. (10.10110)10001 Epod. 2, 39. mortalia
01101111 ia 0100100 su 0011, 13, 20. 10 0000 qaod 110 0011011111. ii, 2, 100.
10 01001 10111101, 10 anguem 1111. 00 Pia. 0,.101111111100 1111...- 10010100 30111101
101. 00111110 011100 0011, 20,10. 00. 11, 1, 20. 1011000001οο 301. 11, 1,
0001011οι 1011101100 1100100.111,16,0. 63. 9, 1111100010.- 10 1011101001οΕ .
0011110110 pacem 3101011104. Liga 15,4;Ε.11,14. 10010100οε10 100
11000 10 1111111010 10110111 faciem 00.11, 111100. 101 25. 11, 0. ablata 10 AEtaa
10,5.101101001011100111110001311.11,1, 110100οΕ1οο. 1133. ia 111110110011.
149. 0010000010111110 11100111 4, 53. 10001111001110 ,11,9, 1.
13, 9. 1000011010100100110110 ,11, 0100100101.- 100101031100.5,1. 10
2, 39. 3, 1110111101.- trecenti 110001 10 10111 00. 1, 22, 22. 10 0001130111,
11318οἰ1800 11111 ἷᾞ... 10. 11 ’11 0111111011 11111111
0111, 1, aa) ..1ωὲ nn mmm 1110111. ik 111101.1,11.11.’11,,..1..1.. 01.
001101 Sat. 11, 2, 06. Lora: - 113, 6. 101011100111210. 10
Ιο10110110110110101111010100.112,6. harto 01111112. 'ia 10101011. Epod.
1110001101)οω 101001 0011120. 17, 47. 1001110301.1,4.0. 10 11100110
comininum 310112, 133. 000001 00. 1, 20, 3. inn 00010 110 30112,
3133113011. 2111... mk* 1311 11111101
..10. nn ...0. 01. ’1, 1, 111ῐ quid 11, 10, 01. {nn 0111110101. 1,,11.
101101 10 annam 00 1100011 3100. 5, 4. 10 cruce 301. 1, 3, 02. 10 0100301.1,1,
101101110οο 01001 1011011301. i. 2, 40. 67. 1. p. a.: 10 1100010111 111100. 3. 5.
01001100000001 1100011011.11,1,3. matria 10 01100011, 0, 20. ia 11110
’ 0011010010100110100111 .17, 01. 1011110011 13, 27. cabathircua 10 0111
Hydra 010111 10 1101001000011,4,62. 111100. 12, 5. 10 1011110301.1,.0,6. 10
..111. · ..1 0.... ..1 10...

1 0 ι Ι j ο
0100311.11,1,02.-000ςί01111 10 001, 3111110. 1.11.0..·00010101110011110
0111 10 dispar Ε11007, 12. 10 marham od. ii. 4,7. 100001000011, 14,
01 faciem 00110]οο1101301.1,5,62. 1713101, 10. 35. in 11010301· 112.
11101ιο100 inproprioagregeaimperiam 111. 10 fanore Ep. ad Pia. 431. 10

 

